homes:
  613c04a8-5d64-4401-b1c4-975b1fe9f807:
    world: world
    x: -59.0448700925696
    y: 69.0
    z: 161.12268543014815
    yaw: -31.500021
    pitch: 10.650019
